# This file was produced by samtools stats (1.21+htslib-1.21) and can be plotted using plot-bamstats
# This file contains statistics for all reads.
# The command line was:  stats /home/stp/Bioinformatics/Limia/CMV_Project/unaligned_reads/BAM/neg_control_sorted_sorted.bam
# CHK, Checksum	[2]Read Names	[3]Sequences	[4]Qualities
# CHK, CRC32 of reads which passed filtering followed by addition (32bit overflow)
CHK	95a36bec	3feacfb9	98a36ea9
# Summary Numbers. Use `grep ^SN | cut -f 2-` to extract this part.
SN	raw total sequences:	782	# excluding supplementary and secondary reads
SN	filtered sequences:	0
SN	sequences:	782
SN	is sorted:	1
SN	1st fragments:	391
SN	last fragments:	391
SN	reads mapped:	782
SN	reads mapped and paired:	782	# paired-end technology bit set + both mates mapped
SN	reads unmapped:	0
SN	reads properly paired:	782	# proper-pair bit set
SN	reads paired:	782	# paired-end technology bit set
SN	reads duplicated:	0	# PCR or optical duplicate bit set
SN	reads MQ0:	0	# mapped and MQ=0
SN	reads QC failed:	0
SN	non-primary alignments:	0
SN	supplementary alignments:	0
SN	total length:	77764	# ignores clipping
SN	total first fragment length:	38899	# ignores clipping
SN	total last fragment length:	38865	# ignores clipping
SN	bases mapped:	77764	# ignores clipping
SN	bases mapped (cigar):	77764	# more accurate
SN	bases trimmed:	0
SN	bases duplicated:	0
SN	mismatches:	123	# from NM fields
SN	error rate:	1.581709e-03	# mismatches / bases mapped (cigar)
SN	average length:	99
SN	average first fragment length:	99
SN	average last fragment length:	99
SN	maximum length:	100
SN	maximum first fragment length:	100
SN	maximum last fragment length:	100
SN	average quality:	36.1
SN	insert size average:	299.8
SN	insert size standard deviation:	9.8
SN	inward oriented pairs:	391
SN	outward oriented pairs:	0
SN	pairs with other orientation:	0
SN	pairs on different chromosomes:	0
SN	percentage of properly paired reads (%):	100.0
# First Fragment Qualities. Use `grep ^FFQ | cut -f 2-` to extract this part.
# Columns correspond to qualities and rows to cycles. First column is the cycle number.
FFQ	1	0	0	0	0	0	0	0	0	0	0	0	0	0	0	0	0	0	0	11	0	0	0	0	0	0	8	0	3	2	0	4	6	42	84	231	0	0	0	0	0
FFQ	2	0	0	0	0	0	0	0	0	0	0	0	0	0	0	0	0	0	0	18	0	0	0	0	0	0	6	0	7	5	0	1	7	19	82	246	0	0	0	0	0
FFQ	3	0	0	0	0	0	0	0	0	0	0	0	0	0	0	0	0	0	0	9	0	0	0	0	0	0	6	0	4	5	0	7	2	27	84	247	0	0	0	0	0
FFQ	4	0	0	0	0	0	0	0	0	0	0	0	0	0	0	0	10	0	0	0	0	0	0	0	0	0	6	0	5	6	0	7	5	18	83	251	0	0	0	0	0
FFQ	5	0	0	0	0	0	0	0	0	0	0	0	0	0	0	0	13	0	0	0	0	0	0	0	0	0	5	0	1	3	0	11	7	20	73	258	0	0	0	0	0
FFQ	6	0	0	0	0	0	0	0	0	0	0	0	0	0	0	3	2	5	0	0	0	0	0	0	0	0	0	6	2	5	3	5	9	0	4	9	5	23	62	248	0
FFQ	7	0	0	0	0	0	0	0	0	0	0	0	0	0	0	1	2	8	0	0	0	0	0	0	0	0	0	3	1	1	4	1	2	0	4	6	5	11	33	309	0
FFQ	8	0	0	0	0	0	0	0	0	0	0	0	0	0	0	2	0	6	0	0	0	0	0	0	0	0	0	3	1	6	4	2	3	1	5	7	10	14	15	312	0
FFQ	9	0	0	0	0	0	0	0	0	0	0	0	0	0	0	2	1	11	0	0	0	0	0	0	0	0	0	3	0	2	2	2	1	0	2	3	9	9	25	319	0
FFQ	10	0	0	0	0	0	0	0	0	0	0	0	0	0	0	2	2	9	0	0	0	0	0	0	0	0	0	6	0	2	5	0	1	1	3	7	7	9	15	322	0
FFQ	11	0	0	0	0	0	0	0	0	0	0	0	0	0	0	2	1	8	0	0	0	0	0	0	0	0	0	4	0	2	5	2	3	1	4	4	9	8	15	323	0
FFQ	12	0	0	0	0	0	0	0	0	0	0	0	0	0	0	1	1	12	0	0	0	0	0	0	0	0	0	3	0	3	2	0	4	0	4	4	3	11	6	337	0
FFQ	13	0	0	0	0	0	0	0	0	0	0	0	0	0	0	3	1	12	0	0	0	0	0	0	0	0	0	3	2	2	3	0	1	0	3	7	4	4	21	325	0
FFQ	14	0	0	0	0	0	0	0	0	0	0	0	0	0	0	2	1	3	0	0	0	0	0	0	0	0	0	1	0	2	5	0	3	0	2	3	4	10	21	334	0
FFQ	15	0	0	0	0	0	0	0	0	0	0	0	0	0	0	1	0	6	0	0	0	0	0	0	0	0	0	4	2	2	2	0	4	0	7	5	1	6	16	335	0
FFQ	16	0	0	0	0	0	0	0	0	0	0	0	0	0	0	4	2	8	0	0	0	0	0	0	0	0	0	2	0	2	4	0	2	1	1	4	6	6	17	332	0
FFQ	17	0	0	0	0	0	0	0	0	0	0	0	0	0	0	2	2	5	0	0	0	0	0	0	0	2	2	2	1	0	2	0	1	0	4	3	5	12	14	334	0
FFQ	18	0	0	0	0	0	0	0	0	0	0	0	0	0	0	1	1	5	0	0	0	0	0	0	0	0	2	2	0	2	1	0	4	0	6	6	3	14	19	325	0
FFQ	19	0	0	0	0	0	0	0	0	0	0	0	0	0	0	1	3	9	0	0	0	0	0	0	0	1	1	2	2	4	4	0	3	0	3	8	7	13	19	311	0
FFQ	20	0	0	0	0	0	0	0	0	0	0	0	0	0	0	5	1	11	0	0	0	0	0	0	0	1	1	2	0	1	5	0	4	1	5	4	4	11	14	321	0
FFQ	21	0	0	0	0	0	0	0	0	0	0	0	0	0	0	1	2	5	0	0	0	0	0	0	0	1	3	1	1	2	2	0	2	2	3	8	5	7	10	336	0
FFQ	22	0	0	0	0	0	0	0	0	0	0	0	0	0	0	4	0	10	0	0	0	0	0	0	0	0	0	0	3	1	5	0	4	0	5	5	6	7	11	330	0
FFQ	23	0	0	0	0	0	0	0	0	0	0	0	0	0	0	1	2	15	0	0	0	0	0	0	0	0	1	1	2	6	3	0	4	0	4	1	4	12	11	324	0
FFQ	24	0	0	0	0	0	0	0	0	0	0	0	0	0	0	5	1	8	0	0	0	0	0	0	0	0	3	0	0	2	1	0	3	0	1	5	4	10	12	336	0
FFQ	25	0	0	0	0	0	0	0	0	0	0	0	0	0	0	3	4	10	0	0	0	0	0	0	0	0	2	0	3	2	2	0	7	0	6	7	1	10	12	322	0
FFQ	26	0	0	0	0	0	0	0	0	0	0	0	0	0	0	1	1	7	0	0	0	0	0	0	0	0	2	0	2	0	2	1	4	0	4	4	4	5	14	340	0
FFQ	27	0	0	0	0	0	0	0	0	0	0	0	0	0	0	2	1	12	0	0	0	0	0	0	0	2	6	0	1	1	2	0	1	0	2	7	5	9	14	326	0
FFQ	28	0	0	0	0	0	0	0	0	0	0	0	0	0	0	2	1	7	0	0	0	0	0	0	0	0	3	0	3	2	6	0	1	0	5	4	4	11	12	330	0
FFQ	29	0	0	0	0	0	0	0	0	0	0	0	0	0	0	0	3	10	0	0	0	0	0	0	0	2	4	0	2	2	5	0	2	0	1	4	7	1	20	328	0
FFQ	30	0	0	0	0	0	0	0	0	0	0	0	0	0	0	5	0	11	0	0	0	0	0	0	0	1	4	0	0	2	2	1	4	2	2	6	5	12	19	315	0
FFQ	31	0	0	0	0	0	0	0	0	0	0	0	0	0	0	1	2	7	0	0	0	0	0	0	0	0	3	0	3	4	4	0	4	0	2	2	2	6	17	334	0
FFQ	32	0	0	0	0	0	0	0	0	0	0	0	0	0	0	4	3	9	0	0	0	0	0	0	0	1	3	0	1	0	4	0	1	3	4	4	6	10	14	324	0
FFQ	33	0	0	0	0	0	0	0	0	0	0	0	0	0	0	1	0	7	0	0	0	0	0	0	0	1	4	0	4	0	2	1	4	0	2	8	4	12	15	326	0
FFQ	34	0	0	0	0	0	0	0	0	0	0	0	0	0	0	1	1	8	0	0	0	0	0	0	0	0	5	0	2	1	2	1	3	1	4	7	3	13	7	332	0
FFQ	35	0	0	0	0	0	0	0	0	0	0	0	0	0	0	3	2	9	0	0	0	0	0	0	0	0	1	0	3	4	7	1	3	0	1	14	4	9	17	313	0
FFQ	36	0	0	0	0	0	0	0	0	0	0	0	0	0	0	2	2	10	0	0	0	0	0	0	0	1	1	0	1	0	1	1	4	1	2	5	5	7	11	337	0
FFQ	37	0	0	0	0	0	0	0	0	0	0	0	0	0	0	1	2	5	0	0	0	0	0	0	0	2	2	0	3	0	2	0	3	0	3	9	5	16	13	325	0
FFQ	38	0	0	0	0	0	0	0	0	0	0	0	0	0	0	2	2	3	0	0	0	0	0	0	0	0	3	0	2	3	2	0	6	2	5	10	8	6	13	324	0
FFQ	39	0	0	0	0	0	0	0	0	0	0	0	0	0	0	3	3	11	0	0	0	0	0	0	0	2	1	0	3	2	4	0	2	0	3	2	4	10	18	323	0
FFQ	40	0	0	0	0	0	0	0	0	0	0	0	0	0	0	3	3	13	0	0	0	0	0	0	0	0	2	0	1	3	4	0	2	0	4	4	6	2	17	327	0
FFQ	41	0	0	0	0	0	0	0	0	0	0	0	0	0	0	2	2	3	0	0	0	0	0	0	0	1	4	0	3	2	5	0	4	0	1	5	9	10	19	321	0
FFQ	42	0	0	0	0	0	0	0	0	0	0	0	0	0	0	3	4	8	0	0	0	0	0	0	0	1	2	0	2	1	4	2	2	1	6	5	7	10	11	322	0
FFQ	43	0	0	0	0	0	0	0	0	0	0	0	0	0	0	2	4	6	0	0	0	0	0	0	0	0	5	0	6	4	4	0	4	2	3	9	8	13	12	309	0
FFQ	44	0	0	0	0	0	0	0	0	0	0	0	0	0	0	5	1	9	0	0	0	0	0	0	0	0	3	0	2	2	11	0	3	0	5	8	6	15	15	306	0
FFQ	45	0	0	0	0	0	0	0	0	0	0	0	0	0	0	1	0	5	0	0	0	0	0	0	0	0	4	0	2	1	5	0	7	1	4	7	5	10	17	322	0
FFQ	46	0	0	0	0	0	0	0	0	0	0	0	0	0	0	3	2	12	0	0	0	0	0	0	0	1	3	0	4	3	2	0	1	0	5	5	6	11	11	322	0
FFQ	47	0	0	0	0	0	0	0	0	0	0	0	0	0	0	1	1	9	0	0	0	0	0	0	0	0	2	0	4	1	4	0	0	0	6	4	11	12	9	327	0
FFQ	48	0	0	0	0	0	0	0	0	0	0	0	0	0	0	3	0	3	0	0	0	0	0	0	0	3	2	0	1	0	3	0	1	0	6	2	2	12	15	338	0
FFQ	49	0	0	0	0	0	0	0	0	0	0	0	0	0	0	1	1	11	0	0	0	0	0	0	0	1	1	0	4	2	2	0	5	0	3	3	6	14	20	317	0
FFQ	50	0	0	0	0	0	0	0	0	0	0	0	0	0	0	2	4	9	0	0	0	0	0	0	0	2	6	0	1	1	8	0	6	0	2	4	6	10	16	314	0
FFQ	51	0	0	0	0	0	0	0	0	0	0	0	0	0	0	5	1	9	0	0	0	0	0	0	0	2	4	0	0	4	3	1	3	0	3	4	1	12	17	322	0
FFQ	52	0	0	0	0	0	0	0	0	0	0	0	0	0	0	4	0	8	0	0	0	0	0	0	0	2	2	0	3	0	6	0	5	0	0	6	7	2	18	328	0
FFQ	53	0	0	0	0	0	0	0	0	0	0	0	0	0	0	6	1	15	0	0	0	0	0	0	0	2	2	0	2	1	6	1	1	0	3	6	2	9	22	312	0
FFQ	54	0	0	0	0	0	0	0	0	0	0	0	0	0	0	2	1	15	0	0	0	0	0	0	0	0	6	0	3	3	3	0	1	0	7	7	5	14	20	304	0
FFQ	55	0	0	0	0	0	0	0	0	0	0	0	0	0	0	1	1	6	0	0	0	0	0	0	0	0	2	0	1	2	4	0	3	1	2	8	5	12	28	315	0
FFQ	56	0	0	0	0	0	0	0	0	0	0	0	0	0	0	1	4	14	0	0	0	0	0	0	0	0	3	0	3	0	0	0	1	0	3	6	4	7	16	329	0
FFQ	57	0	0	0	0	0	0	0	0	0	0	0	0	0	0	3	1	14	0	0	0	0	0	0	0	1	3	0	2	3	3	0	2	0	3	5	3	13	26	309	0
FFQ	58	0	0	0	0	0	0	0	0	0	0	0	0	0	0	2	3	5	0	0	0	0	0	0	0	2	2	0	0	1	1	0	3	0	4	7	7	11	17	326	0
FFQ	59	0	0	0	0	0	0	0	0	0	0	0	0	0	0	4	1	9	0	0	0	0	0	0	0	0	3	0	2	2	2	0	5	0	5	6	7	7	16	322	0
FFQ	60	0	0	0	0	0	0	0	0	0	0	0	0	0	0	4	1	12	0	0	0	0	0	0	0	0	5	1	1	4	7	0	5	0	3	10	10	11	22	295	0
FFQ	61	0	0	0	0	0	0	0	0	0	0	0	0	0	0	1	6	7	0	0	0	0	0	0	0	3	4	0	3	1	2	0	3	2	6	6	4	5	16	322	0
FFQ	62	0	0	0	0	0	0	0	0	0	0	0	0	0	0	3	4	7	0	0	0	0	0	0	0	0	3	0	4	3	2	0	3	0	4	5	7	10	13	323	0
FFQ	63	0	0	0	0	0	0	0	0	0	0	0	0	0	0	2	1	12	0	0	0	0	0	0	0	2	2	0	6	1	3	1	0	0	3	6	10	14	15	313	0
FFQ	64	0	0	0	0	0	0	0	0	0	0	0	0	0	0	2	4	8	0	0	0	0	0	0	0	2	3	0	3	1	3	0	1	0	6	7	7	8	11	325	0
FFQ	65	0	0	1	0	0	0	0	0	0	0	0	0	0	0	7	2	14	0	0	0	0	0	0	0	2	0	1	6	0	0	0	1	1	5	7	9	11	23	301	0
FFQ	66	0	0	0	0	0	0	0	0	0	0	0	0	0	0	3	2	5	0	0	0	0	0	0	0	1	3	0	2	4	2	0	4	0	5	6	7	10	11	326	0
FFQ	67	0	0	0	0	0	0	0	0	0	0	0	0	0	0	2	4	7	0	0	0	0	0	0	0	1	3	0	4	3	7	0	3	1	3	9	4	6	23	311	0
FFQ	68	0	0	0	0	0	0	0	0	0	0	0	0	0	0	0	4	13	0	0	0	0	0	0	0	0	4	0	2	1	2	0	6	1	5	7	6	12	20	308	0
FFQ	69	0	0	0	0	0	0	0	0	0	0	0	0	0	0	5	5	6	0	0	0	0	0	0	0	1	6	1	3	1	7	1	3	0	1	9	3	10	16	313	0
FFQ	70	0	0	0	0	0	0	0	0	0	0	0	0	0	0	2	4	8	0	0	0	0	0	0	1	2	4	0	3	3	5	0	5	0	5	7	2	12	16	312	0
FFQ	71	0	0	0	0	0	0	0	0	0	0	0	0	0	0	3	7	6	0	0	0	0	0	0	0	0	3	0	1	3	2	0	1	1	5	5	7	6	17	324	0
FFQ	72	0	0	0	0	0	0	0	0	0	0	0	0	0	0	5	1	4	0	0	0	0	0	0	0	0	0	1	4	1	2	1	4	1	4	4	3	18	16	322	0
FFQ	73	0	0	0	0	0	0	0	0	0	0	0	0	0	0	2	6	11	0	0	0	0	0	0	1	0	3	0	4	1	2	0	0	1	6	7	12	12	27	296	0
FFQ	74	0	0	0	0	0	0	0	0	0	0	0	0	0	0	7	4	4	0	0	0	0	0	0	0	0	0	1	4	1	7	0	4	0	2	11	4	15	16	311	0
FFQ	75	0	0	0	0	0	0	0	0	0	0	0	0	0	1	4	2	9	0	0	0	0	0	0	0	3	1	0	3	3	7	0	3	0	4	7	7	14	18	305	0
FFQ	76	0	0	0	0	0	0	0	0	0	0	0	0	0	1	5	5	3	0	0	0	0	0	0	1	1	4	0	2	4	5	1	7	0	7	11	10	8	25	291	0
FFQ	77	0	0	0	0	0	0	0	0	0	0	0	0	0	1	4	9	2	0	0	0	0	0	0	2	2	1	3	4	4	1	1	2	1	7	9	3	10	14	311	0
FFQ	78	0	0	0	0	0	0	0	0	0	0	0	0	0	1	7	5	7	0	0	0	0	0	0	1	1	1	0	3	1	8	1	6	0	7	12	8	8	14	300	0
FFQ	79	0	0	0	0	0	0	0	0	0	0	0	0	0	0	0	5	7	0	0	0	0	0	0	0	3	4	0	3	2	2	0	6	0	4	8	8	10	18	311	0
FFQ	80	0	0	0	0	0	0	0	0	0	0	0	0	0	0	1	8	3	0	0	0	0	0	0	2	2	3	1	2	1	4	1	2	1	5	13	10	11	18	303	0
FFQ	81	0	0	0	0	0	0	0	0	0	0	0	0	0	2	3	5	5	0	0	0	0	0	0	1	0	3	0	2	3	2	0	2	0	5	9	11	17	20	301	0
FFQ	82	0	0	0	0	0	0	0	0	0	0	0	0	0	1	2	6	2	0	0	0	0	0	0	3	1	0	1	2	2	6	0	7	0	4	10	10	13	17	304	0
FFQ	83	0	0	0	0	0	0	0	0	0	0	0	0	0	1	2	5	4	0	0	0	0	0	1	0	1	4	0	0	5	6	1	3	0	4	6	10	13	22	303	0
FFQ	84	0	0	0	0	0	0	0	0	0	0	0	0	0	2	2	10	3	0	0	0	0	1	0	0	0	0	2	1	1	1	0	7	0	8	3	11	19	12	308	0
FFQ	85	0	0	1	0	0	0	0	0	0	0	0	0	0	2	2	10	2	0	0	0	0	0	0	0	0	2	3	1	1	6	0	3	1	8	6	8	15	18	302	0
FFQ	86	0	0	0	0	0	0	0	0	0	0	0	0	0	3	2	9	1	0	0	0	0	0	0	2	1	3	0	0	4	2	2	2	1	5	12	7	13	15	307	0
FFQ	87	0	0	0	0	0	0	0	0	0	0	0	0	0	2	5	10	2	0	0	0	0	0	0	2	0	4	0	2	3	2	0	2	3	3	10	9	17	22	293	0
FFQ	88	0	0	0	0	0	0	0	0	0	0	0	0	0	3	6	5	4	0	0	0	0	0	0	4	0	3	0	2	2	4	0	5	0	6	10	8	14	19	296	0
FFQ	89	0	0	0	0	0	0	0	0	0	0	0	0	0	3	4	10	0	0	0	0	0	0	0	2	0	3	1	1	2	5	0	6	0	6	10	16	10	20	292	0
FFQ	90	0	0	0	0	0	0	0	0	0	0	0	0	0	3	4	5	1	0	0	0	0	0	0	1	0	2	0	1	0	4	0	6	0	5	12	4	14	24	305	0
FFQ	91	0	0	0	0	0	0	0	0	0	0	0	0	0	2	3	14	0	0	0	0	0	0	0	2	0	1	2	2	1	6	0	6	0	5	10	6	16	18	297	0
FFQ	92	0	0	0	0	0	0	0	0	0	0	0	0	0	3	5	13	1	0	0	0	0	0	0	2	0	1	0	2	1	5	0	4	1	7	14	7	13	14	298	0
FFQ	93	0	0	0	0	0	0	0	0	0	0	0	0	0	1	3	14	0	0	0	0	0	1	0	3	1	2	0	3	2	5	0	7	0	5	10	6	16	16	296	0
FFQ	94	0	0	0	0	0	0	0	0	0	0	0	0	0	4	4	8	0	0	0	0	0	0	0	4	0	1	3	2	3	2	0	10	0	2	10	7	13	14	304	0
FFQ	95	0	0	0	0	0	0	0	0	0	0	0	0	0	3	4	15	0	0	0	0	0	0	0	0	0	1	2	2	3	5	0	5	0	5	13	9	10	18	296	0
FFQ	96	0	0	0	0	0	0	0	0	0	0	0	0	0	1	8	14	0	0	0	0	0	0	0	2	0	4	3	2	1	3	1	6	1	8	9	6	13	18	290	0
FFQ	97	0	0	0	0	0	0	0	0	0	0	0	0	0	3	3	13	0	0	0	0	0	1	0	4	1	3	3	0	0	5	2	3	0	6	5	7	10	12	302	0
FFQ	98	0	0	0	0	0	0	0	0	0	0	0	0	0	4	6	10	0	0	0	0	0	1	0	5	0	3	3	1	0	6	0	3	4	5	8	11	16	21	270	0
FFQ	99	0	0	0	0	0	0	0	0	0	0	0	0	0	2	7	16	0	0	0	0	0	0	0	0	1	1	0	1	1	5	0	3	0	5	8	13	14	12	258	0
FFQ	100	0	0	0	0	0	0	0	0	0	0	0	0	0	0	0	0	0	0	0	0	0	0	0	0	0	0	0	0	0	0	0	3	1	5	9	10	7	17	205	0
# Last Fragment Qualities. Use `grep ^LFQ | cut -f 2-` to extract this part.
# Columns correspond to qualities and rows to cycles. First column is the cycle number.
LFQ	1	0	0	0	0	0	0	0	0	0	0	0	0	0	0	0	0	0	0	17	0	0	0	0	0	0	7	0	9	3	0	5	8	34	157	151	0	0	0	0	0
LFQ	2	0	0	0	0	0	0	0	0	0	0	0	0	0	0	0	0	0	0	26	0	0	0	0	0	0	6	0	5	2	0	2	13	19	129	189	0	0	0	0	0
LFQ	3	0	0	0	0	0	0	0	0	0	0	0	0	0	0	0	0	0	0	17	0	0	0	0	0	0	5	0	4	3	0	7	11	24	125	195	0	0	0	0	0
LFQ	4	0	0	0	0	0	0	0	0	0	0	0	0	0	0	0	19	0	0	0	0	0	0	0	0	0	4	0	4	6	0	2	9	27	121	199	0	0	0	0	0
LFQ	5	0	0	0	0	0	0	0	0	0	0	0	0	0	0	0	21	0	0	0	0	0	0	0	0	0	3	0	5	2	0	3	11	20	140	186	0	0	0	0	0
LFQ	6	0	0	0	0	0	0	0	0	0	0	0	0	0	0	6	3	14	0	0	0	0	0	0	0	0	0	4	0	2	1	1	1	0	2	3	3	12	17	322	0
LFQ	7	0	0	0	0	0	0	0	0	0	0	0	0	0	0	4	1	10	0	0	0	0	0	0	0	0	0	3	3	2	1	3	4	1	4	6	4	6	19	320	0
LFQ	8	0	0	0	0	0	0	0	0	0	0	0	0	0	0	4	2	13	0	0	0	0	0	0	0	0	0	4	1	2	2	0	2	0	3	8	10	18	10	312	0
LFQ	9	0	0	0	0	0	0	0	0	0	0	0	0	0	0	3	3	15	0	0	0	0	0	0	0	0	0	2	1	2	4	0	5	1	4	5	3	9	21	313	0
LFQ	10	0	0	0	0	0	0	0	0	0	0	0	0	0	0	3	0	7	0	0	0	0	0	0	0	0	0	2	0	1	9	1	4	0	9	5	4	7	21	318	0
LFQ	11	0	0	0	0	0	0	0	0	0	0	0	0	0	0	4	3	12	0	0	0	0	0	0	0	0	0	6	1	2	4	0	4	0	5	10	6	7	15	312	0
LFQ	12	0	0	0	0	0	0	0	0	0	0	0	0	0	0	5	4	14	0	0	0	0	0	0	0	0	1	5	0	4	2	1	3	1	6	4	2	7	14	318	0
LFQ	13	0	0	0	0	0	0	0	0	0	0	0	0	0	0	4	0	11	0	0	0	0	0	0	0	0	0	5	2	0	2	0	2	0	4	8	5	6	15	327	0
LFQ	14	0	0	0	0	0	0	0	0	0	0	0	0	0	0	3	0	14	0	0	0	0	0	0	0	1	0	3	5	1	4	0	5	1	5	9	7	7	13	313	0
LFQ	15	0	0	0	0	0	0	0	0	0	0	0	0	0	0	3	0	16	0	0	0	0	0	0	0	1	0	6	3	4	6	0	5	0	2	5	6	8	12	314	0
LFQ	16	0	0	0	0	0	0	0	0	0	0	0	0	0	0	3	4	9	0	0	0	0	0	0	0	1	1	4	1	2	8	0	4	0	5	4	3	8	20	314	0
LFQ	17	0	0	0	0	0	0	0	0	0	0	0	0	0	0	3	4	10	0	0	0	0	0	0	0	1	0	4	1	4	2	1	6	0	4	11	4	7	15	314	0
LFQ	18	0	0	0	0	0	0	0	0	0	0	0	0	0	0	5	1	11	0	0	0	0	0	0	0	0	0	1	1	4	7	0	7	0	2	10	8	13	14	307	0
LFQ	19	0	0	0	0	0	0	0	0	0	0	0	0	0	0	6	3	14	0	0	0	0	0	0	0	0	0	2	1	1	5	1	5	0	5	5	6	13	15	309	0
LFQ	20	0	0	0	0	0	0	0	0	0	0	0	0	0	0	1	5	15	0	0	0	0	0	0	0	0	4	4	2	1	2	0	8	2	8	3	6	9	14	307	0
LFQ	21	0	0	0	0	0	0	0	0	0	0	0	0	0	0	4	2	16	0	0	0	0	0	0	0	1	1	3	3	6	5	0	5	1	5	9	3	7	14	306	0
LFQ	22	0	0	0	0	0	0	0	0	0	0	0	0	0	0	3	5	14	0	0	0	0	0	0	0	0	5	0	2	2	1	1	3	1	6	2	7	10	14	315	0
LFQ	23	0	0	0	0	0	0	0	0	0	0	0	0	0	0	2	2	15	0	0	0	0	0	0	0	0	5	2	5	6	3	1	4	0	3	3	7	10	17	306	0
LFQ	24	0	0	0	0	0	0	0	0	0	0	0	0	0	0	1	5	15	0	0	0	0	0	0	0	3	4	0	4	5	3	0	7	2	4	7	8	6	15	302	0
LFQ	25	0	0	0	0	0	0	0	0	0	0	0	0	0	0	3	3	10	0	0	0	0	0	0	0	0	9	1	6	3	3	0	7	1	5	8	6	7	18	301	0
LFQ	26	0	0	0	0	0	0	0	0	0	0	0	0	0	0	2	0	10	0	0	0	0	0	0	0	1	2	1	0	3	3	0	3	1	5	8	5	14	17	316	0
LFQ	27	0	0	0	0	0	0	0	0	0	0	0	0	0	0	5	0	13	0	0	0	0	0	0	0	1	6	0	3	1	5	0	0	2	0	9	7	9	21	309	0
LFQ	28	0	0	0	0	0	0	0	0	0	0	0	0	0	0	4	1	14	0	0	0	0	0	0	0	1	4	0	1	0	4	0	3	0	8	6	8	12	13	312	0
LFQ	29	0	0	0	0	0	0	0	0	0	0	0	0	0	0	3	3	12	0	0	0	0	0	0	0	3	4	0	4	4	2	0	3	0	1	6	3	5	22	316	0
LFQ	30	0	0	0	0	0	0	0	0	0	0	0	0	0	0	4	1	20	0	0	0	0	0	0	0	3	1	0	4	1	4	1	2	1	5	5	4	9	13	313	0
LFQ	31	0	0	0	0	0	0	0	0	0	0	0	0	0	0	2	2	15	0	0	0	0	0	0	0	0	3	0	3	1	5	0	1	1	3	10	3	11	15	316	0
LFQ	32	0	0	0	0	0	0	0	0	0	0	0	0	0	0	3	2	14	0	0	0	0	0	0	0	1	6	0	1	0	2	0	3	0	1	3	5	11	14	325	0
LFQ	33	0	0	0	0	0	0	0	0	0	0	0	0	0	0	3	1	11	0	0	0	0	0	0	0	2	3	0	2	1	6	1	1	0	2	3	7	8	20	320	0
LFQ	34	0	0	0	0	0	0	0	0	0	0	0	0	0	0	3	4	12	0	0	0	0	0	0	0	1	4	0	1	2	3	1	4	0	5	6	4	10	13	318	0
LFQ	35	0	0	0	0	0	0	0	0	0	0	0	0	0	0	6	4	5	0	0	0	0	0	0	0	1	5	0	3	3	5	1	7	2	0	10	3	8	14	314	0
LFQ	36	0	0	0	0	0	0	0	0	0	0	0	0	0	0	2	1	13	0	0	0	0	0	0	0	0	1	0	3	2	2	1	0	0	3	5	6	12	14	326	0
LFQ	37	0	0	0	0	0	0	0	0	0	0	0	0	0	0	2	2	14	0	0	0	0	0	0	0	3	1	0	5	4	3	0	2	0	5	8	8	9	4	321	0
LFQ	38	0	0	0	0	0	0	0	0	0	0	0	0	0	0	3	4	17	0	0	0	0	0	0	0	0	1	0	7	2	2	2	2	0	7	7	7	11	16	303	0
LFQ	39	0	0	0	0	0	0	0	0	0	0	0	0	0	0	8	4	13	0	0	0	0	0	0	0	0	2	0	4	4	8	0	2	1	7	8	5	15	7	303	0
LFQ	40	0	0	0	0	0	0	0	0	0	0	0	0	0	0	5	1	11	0	0	0	0	0	0	0	0	4	0	4	2	3	0	3	0	4	6	7	11	19	311	0
LFQ	41	0	0	0	0	0	0	0	0	0	0	0	0	0	0	4	0	14	0	0	0	0	0	0	0	1	1	0	6	3	2	0	5	0	3	6	6	6	11	323	0
LFQ	42	0	0	0	0	0	0	0	0	0	0	0	0	0	0	5	2	11	0	0	0	0	0	0	0	1	2	0	2	2	3	1	2	0	5	9	8	7	19	312	0
LFQ	43	0	0	0	0	0	0	0	0	0	0	0	0	0	0	3	0	11	0	0	0	0	0	0	0	0	5	0	2	1	2	0	5	0	5	4	8	11	18	316	0
LFQ	44	0	0	0	0	0	0	0	0	0	0	0	0	0	0	3	2	15	0	0	0	0	0	0	0	0	4	0	3	1	4	1	4	1	3	7	4	7	16	316	0
LFQ	45	0	0	0	0	0	0	0	0	0	0	0	0	0	0	2	3	12	0	0	0	0	0	0	0	1	2	0	5	5	3	0	4	0	4	5	4	9	20	312	0
LFQ	46	0	0	0	0	0	0	0	0	0	0	0	0	0	0	1	3	5	0	0	0	0	0	0	0	1	3	0	4	4	6	0	2	0	3	5	5	13	16	320	0
LFQ	47	0	0	0	0	0	0	0	0	0	0	0	0	0	0	4	1	9	0	0	0	0	0	0	0	0	5	0	1	0	10	0	3	0	5	5	5	16	18	309	0
LFQ	48	0	0	0	0	0	0	0	0	0	0	0	0	0	0	6	2	8	0	0	0	0	0	0	0	0	3	1	1	2	5	1	4	0	4	2	6	15	15	316	0
LFQ	49	0	0	0	0	0	0	0	0	0	0	0	0	0	0	6	3	12	0	0	0	0	0	0	0	1	5	1	3	2	2	1	2	0	3	3	6	10	16	315	0
LFQ	50	0	0	0	0	0	0	0	0	0	0	0	0	0	0	1	6	12	0	0	0	0	0	0	0	4	0	0	4	6	3	0	4	0	4	4	2	13	15	313	0
LFQ	51	0	0	0	0	0	0	0	0	0	0	0	0	0	0	2	1	11	0	0	0	0	0	0	0	1	2	0	3	2	5	0	3	0	2	8	5	10	20	316	0
LFQ	52	0	0	0	0	0	0	0	0	0	0	0	0	0	0	0	5	12	0	0	0	0	0	0	0	0	4	0	4	2	2	0	6	1	3	8	5	9	15	315	0
LFQ	53	0	0	0	0	0	0	0	0	0	0	0	0	0	0	2	0	13	0	0	0	0	0	0	0	2	3	0	2	1	4	0	0	0	3	5	4	10	18	324	0
LFQ	54	0	0	0	0	0	0	0	0	0	0	0	0	0	0	3	3	11	0	0	0	0	0	0	0	1	4	0	1	2	4	1	6	2	10	7	7	17	8	304	0
LFQ	55	0	0	0	0	0	0	0	0	0	0	0	0	0	0	7	4	13	0	0	0	0	0	0	0	1	2	0	3	4	2	0	4	0	3	5	5	10	11	317	0
LFQ	56	0	0	0	0	0	0	0	0	0	0	0	0	0	0	2	2	15	0	0	0	0	0	0	0	1	3	0	2	3	7	0	5	0	6	4	6	13	16	306	0
LFQ	57	0	0	0	0	0	0	0	0	0	0	0	0	0	0	4	0	10	0	0	0	0	0	0	0	1	3	0	0	5	4	0	4	0	8	8	3	9	18	314	0
LFQ	58	0	0	0	0	0	0	0	0	0	0	0	0	0	0	3	3	6	0	0	0	0	0	0	0	0	1	1	1	1	2	0	6	1	4	8	4	4	16	330	0
LFQ	59	0	0	0	0	0	0	0	0	0	0	0	0	0	0	2	3	11	0	0	0	0	0	0	0	1	5	0	2	2	2	1	3	2	4	4	5	14	14	316	0
LFQ	60	0	0	0	0	0	0	0	0	0	0	0	0	0	0	3	3	12	0	0	0	0	0	0	0	1	4	1	4	3	7	0	0	0	4	3	3	15	22	306	0
LFQ	61	0	0	0	0	0	0	0	0	0	0	0	0	0	0	3	3	14	0	0	0	0	0	0	0	2	5	0	4	3	3	0	2	0	5	5	5	16	10	311	0
LFQ	62	0	0	0	0	0	0	0	0	0	0	0	0	0	0	0	2	12	0	0	0	0	0	0	0	2	4	0	7	2	4	0	3	0	3	3	6	9	13	321	0
LFQ	63	0	0	0	0	0	0	0	0	0	0	0	0	0	0	3	3	11	0	0	0	0	0	0	0	2	4	0	1	6	4	0	4	0	5	6	10	13	23	296	0
LFQ	64	0	0	0	0	0	0	0	0	0	0	0	0	0	0	4	4	17	0	0	0	0	0	0	0	0	0	0	5	1	2	1	3	1	8	7	9	4	20	305	0
LFQ	65	0	0	0	0	0	0	0	0	0	0	0	0	0	0	6	4	14	0	0	0	0	0	0	0	0	1	0	2	2	9	2	1	0	8	7	4	16	16	299	0
LFQ	66	0	0	0	0	0	0	0	0	0	0	0	0	0	0	2	5	15	0	0	0	0	0	0	0	2	2	0	5	1	2	0	5	0	9	6	13	7	16	301	0
LFQ	67	0	0	0	0	0	0	0	0	0	0	0	0	0	0	4	4	14	0	0	0	0	0	0	0	0	7	0	4	2	6	0	3	0	7	6	6	19	17	292	0
LFQ	68	0	0	0	0	0	0	0	0	0	0	0	0	0	0	1	5	13	0	0	0	0	0	0	0	2	3	0	5	1	2	1	1	0	3	6	4	11	21	312	0
LFQ	69	0	0	0	0	0	0	0	0	0	0	0	0	0	0	4	3	12	0	0	0	0	0	0	0	2	3	1	1	3	6	0	4	0	3	4	8	9	18	310	0
LFQ	70	0	0	0	0	0	0	0	0	0	0	0	0	0	0	5	4	11	0	0	0	0	0	0	0	2	7	0	3	2	4	0	4	1	7	10	11	9	13	298	0
LFQ	71	0	0	0	0	0	0	0	0	0	0	0	0	0	0	6	2	6	0	0	0	0	0	0	0	1	7	1	3	3	4	0	2	1	6	8	5	12	18	306	0
LFQ	72	0	0	0	0	0	0	0	0	0	0	0	0	0	0	3	4	13	0	0	0	0	0	0	0	5	3	0	2	2	6	0	3	0	4	6	10	6	22	302	0
LFQ	73	0	0	0	0	0	0	0	0	0	0	0	0	0	0	5	7	12	0	0	0	0	0	0	0	0	5	0	2	3	3	0	7	0	3	4	12	7	14	307	0
LFQ	74	0	0	0	0	0	0	0	0	0	0	0	0	0	0	3	4	9	0	0	0	0	0	0	0	1	2	1	5	2	3	0	4	1	5	5	5	14	16	311	0
LFQ	75	0	0	0	0	0	0	0	0	0	0	0	0	0	0	3	9	7	0	0	0	0	0	0	0	0	2	0	2	7	4	0	1	1	4	10	7	11	10	313	0
LFQ	76	0	0	1	0	0	0	0	0	0	0	0	0	0	0	5	9	7	0	0	0	0	0	0	0	0	8	1	4	5	2	1	0	0	6	13	11	10	18	290	0
LFQ	77	0	0	1	0	0	0	0	0	0	0	0	0	0	0	6	6	5	0	0	0	0	0	0	0	2	4	2	7	1	8	0	5	0	5	7	4	8	18	302	0
LFQ	78	0	0	0	0	0	0	0	0	0	0	0	0	0	0	4	10	5	0	0	0	0	0	0	0	6	5	1	4	1	7	0	4	0	3	11	5	6	25	294	0
LFQ	79	0	0	0	0	0	0	0	0	0	0	0	0	0	0	6	4	6	0	0	0	0	0	0	0	0	1	0	4	1	8	1	2	1	5	4	5	15	22	306	0
LFQ	80	0	0	0	0	0	0	0	0	0	0	0	0	0	0	5	16	5	0	0	0	0	0	0	0	1	1	0	2	1	2	0	6	2	7	9	0	9	14	311	0
LFQ	81	0	0	0	0	0	0	0	0	0	0	0	0	0	0	4	8	4	0	0	0	0	0	0	0	2	5	0	1	4	3	1	4	0	4	5	4	18	12	312	0
LFQ	82	0	0	0	0	0	0	0	0	0	0	0	0	0	0	7	8	4	0	0	0	0	0	0	0	2	3	0	6	3	5	0	1	0	8	13	6	13	11	301	0
LFQ	83	0	0	0	0	0	0	0	0	0	0	0	0	0	0	5	9	7	0	0	0	0	0	0	0	1	1	2	5	2	4	1	6	1	7	9	10	10	24	287	0
LFQ	84	0	0	0	0	0	0	0	0	0	0	0	0	0	0	4	13	7	0	0	0	0	0	0	0	1	5	2	3	1	5	0	5	0	7	7	5	12	15	299	0
LFQ	85	0	0	1	0	0	0	0	0	0	0	0	0	0	0	1	13	3	0	0	0	0	0	0	0	1	8	0	7	4	7	2	2	0	1	8	9	14	18	292	0
LFQ	86	0	0	0	0	0	0	0	0	0	0	0	0	0	1	5	11	4	0	0	0	0	0	0	0	0	4	0	3	1	1	0	4	0	9	5	8	10	17	308	0
LFQ	87	0	0	0	0	0	0	0	0	0	0	0	0	0	0	7	8	2	0	0	0	0	0	0	0	5	7	0	3	1	6	0	4	1	2	8	11	13	13	300	0
LFQ	88	0	0	0	0	0	0	0	0	0	0	0	0	0	0	4	14	6	0	0	0	0	0	1	0	1	1	0	4	1	1	0	6	0	5	7	5	6	18	311	0
LFQ	89	0	0	0	0	0	0	0	0	0	0	0	0	0	0	9	9	3	0	0	0	0	0	0	1	3	5	3	5	1	7	2	5	2	3	11	9	8	18	287	0
LFQ	90	0	0	0	0	0	0	0	0	0	0	0	0	0	0	7	10	1	0	0	0	0	0	0	0	2	3	1	3	2	5	1	5	3	5	8	7	6	18	303	0
LFQ	91	0	0	1	0	0	0	0	0	0	0	0	0	0	1	1	14	2	0	0	0	0	0	0	1	4	1	1	2	3	3	0	4	0	4	13	5	14	22	294	0
LFQ	92	0	0	0	0	0	0	0	0	0	0	0	0	0	0	7	13	1	0	0	0	0	0	0	2	1	2	1	0	2	4	1	1	0	4	8	8	7	15	313	0
LFQ	93	0	0	0	0	0	0	0	0	0	0	0	0	0	3	5	14	2	0	0	0	0	0	0	0	1	0	1	2	2	5	1	4	1	4	9	9	14	8	305	0
LFQ	94	0	0	1	0	0	0	0	0	0	0	0	0	0	2	2	11	0	0	0	0	0	0	0	2	1	0	0	4	4	3	0	7	0	5	9	6	11	16	305	0
LFQ	95	0	0	0	0	0	0	0	0	0	0	0	0	0	1	5	8	2	0	0	0	0	0	0	2	1	4	0	0	2	4	0	0	2	4	10	10	9	21	304	0
LFQ	96	0	0	0	0	0	0	0	0	0	0	0	0	0	1	5	16	1	0	0	0	0	0	0	1	1	3	3	1	0	5	0	2	1	6	11	5	10	16	301	0
LFQ	97	0	0	0	0	0	0	0	0	0	0	0	0	0	2	0	8	0	0	0	0	0	1	0	3	0	2	1	2	1	3	1	5	1	6	7	8	13	18	301	0
LFQ	98	0	0	0	0	0	0	0	0	0	0	0	0	0	5	6	10	1	0	0	0	0	1	0	3	1	3	2	2	3	5	0	4	0	2	4	9	14	18	280	0
LFQ	99	0	0	0	0	0	0	0	0	0	0	0	0	0	2	4	11	0	0	0	0	0	0	0	1	3	0	3	2	1	2	2	8	1	7	4	11	12	14	248	0
LFQ	100	0	0	0	0	0	0	0	0	0	0	0	0	0	0	0	0	0	0	0	0	0	0	0	0	0	0	0	0	0	0	0	5	1	2	10	3	14	16	196	0
# GC Content of first fragments. Use `grep ^GCF | cut -f 2-` to extract this part.
GCF	7.29	0
GCF	15.58	1
GCF	17.09	0
GCF	19.10	1
GCF	22.61	0
GCF	25.13	2
GCF	25.88	4
GCF	26.38	7
GCF	26.88	12
GCF	27.39	13
GCF	28.14	9
GCF	28.89	22
GCF	29.65	21
GCF	30.40	27
GCF	31.16	30
GCF	31.91	26
GCF	32.41	22
GCF	33.17	21
GCF	33.92	22
GCF	34.92	26
GCF	36.18	30
GCF	36.93	16
GCF	37.44	13
GCF	37.94	19
GCF	38.44	22
GCF	38.94	26
GCF	39.45	27
GCF	40.20	14
GCF	40.95	12
GCF	41.46	8
GCF	41.96	7
GCF	42.46	4
GCF	42.96	9
GCF	43.72	16
GCF	44.97	9
GCF	45.98	8
GCF	46.48	9
GCF	47.24	4
GCF	47.99	8
GCF	48.49	7
GCF	48.99	2
GCF	49.50	1
GCF	50.25	3
GCF	51.26	1
GCF	52.26	0
GCF	53.27	1
GCF	54.02	0
GCF	54.52	2
GCF	55.03	3
GCF	55.78	2
GCF	56.53	1
GCF	57.29	2
GCF	59.05	0
GCF	60.80	1
# GC Content of last fragments. Use `grep ^GCL | cut -f 2-` to extract this part.
GCL	7.54	0
GCL	15.33	1
GCL	15.83	2
GCL	16.33	1
GCL	17.09	0
GCL	18.34	1
GCL	19.35	2
GCL	19.85	1
GCL	20.35	0
GCL	21.61	2
GCL	23.12	0
GCL	24.37	1
GCL	25.38	2
GCL	25.88	5
GCL	26.38	6
GCL	26.88	7
GCL	27.39	8
GCL	27.89	9
GCL	28.39	8
GCL	28.89	19
GCL	29.40	23
GCL	29.90	20
GCL	30.40	21
GCL	30.90	24
GCL	31.41	25
GCL	31.91	31
GCL	32.41	25
GCL	32.91	14
GCL	33.42	15
GCL	33.92	27
GCL	34.42	35
GCL	34.92	28
GCL	35.43	22
GCL	35.93	28
GCL	36.43	27
GCL	36.93	19
GCL	37.44	21
GCL	38.44	24
GCL	39.45	22
GCL	39.95	10
GCL	40.45	5
GCL	40.95	6
GCL	41.46	8
GCL	41.96	10
GCL	42.46	14
GCL	42.96	13
GCL	43.47	8
GCL	43.97	11
GCL	44.47	17
GCL	44.97	12
GCL	45.48	6
GCL	45.98	7
GCL	46.48	8
GCL	46.98	7
GCL	47.49	5
GCL	47.99	2
GCL	48.49	7
GCL	48.99	9
GCL	49.50	6
GCL	50.00	2
GCL	50.50	1
GCL	51.01	3
GCL	51.51	2
GCL	52.26	0
GCL	53.02	1
GCL	53.77	4
GCL	54.77	2
GCL	56.03	1
GCL	58.79	0
GCL	61.06	1
GCL	61.56	2
GCL	62.06	1
# ACGT content per cycle. Use `grep ^GCC | cut -f 2-` to extract this part. The columns are: cycle; A,C,G,T base counts as a percentage of all A/C/G/T bases [%]; and N and O counts as a percentage of all A/C/G/T bases [%]
GCC	1	32.23	18.80	17.39	31.59	0.00	0.00
GCC	2	33.12	16.24	21.10	29.54	0.00	0.00
GCC	3	31.07	15.60	20.08	33.25	0.00	0.00
GCC	4	33.38	16.24	20.08	30.31	0.00	0.00
GCC	5	31.59	16.88	19.05	32.48	0.00	0.00
GCC	6	32.10	16.62	20.08	31.20	0.00	0.00
GCC	7	32.99	17.65	18.93	30.43	0.00	0.00
GCC	8	32.99	15.98	19.57	31.46	0.00	0.00
GCC	9	29.67	19.31	21.23	29.80	0.00	0.00
GCC	10	33.50	18.16	18.41	29.92	0.00	0.00
GCC	11	34.02	15.60	18.16	32.23	0.00	0.00
GCC	12	33.76	17.77	18.67	29.80	0.00	0.00
GCC	13	35.55	17.65	17.39	29.41	0.00	0.00
GCC	14	30.95	20.20	19.57	29.28	0.00	0.00
GCC	15	33.89	15.60	19.69	30.82	0.00	0.00
GCC	16	30.18	16.75	18.41	34.65	0.00	0.00
GCC	17	30.43	17.26	19.95	32.35	0.00	0.00
GCC	18	30.43	17.65	20.97	30.95	0.00	0.00
GCC	19	31.84	18.16	20.20	29.80	0.00	0.00
GCC	20	33.38	16.75	18.16	31.71	0.00	0.00
GCC	21	32.99	16.24	18.67	32.10	0.00	0.00
GCC	22	31.97	16.88	20.08	31.07	0.00	0.00
GCC	23	32.99	15.60	18.16	33.25	0.00	0.00
GCC	24	33.38	17.39	18.29	30.95	0.00	0.00
GCC	25	31.71	18.93	19.44	29.92	0.00	0.00
GCC	26	32.74	15.86	20.59	30.82	0.00	0.00
GCC	27	32.74	15.22	19.95	32.10	0.00	0.00
GCC	28	34.14	18.67	17.65	29.54	0.00	0.00
GCC	29	35.04	17.52	17.90	29.54	0.00	0.00
GCC	30	32.99	16.50	19.82	30.69	0.00	0.00
GCC	31	33.76	19.95	17.90	28.39	0.00	0.00
GCC	32	30.18	16.88	20.46	32.48	0.00	0.00
GCC	33	33.50	18.03	17.01	31.46	0.00	0.00
GCC	34	32.10	19.05	19.31	29.54	0.00	0.00
GCC	35	36.19	16.24	17.65	29.92	0.00	0.00
GCC	36	36.06	18.29	15.60	30.05	0.00	0.00
GCC	37	33.76	17.01	19.05	30.18	0.00	0.00
GCC	38	33.50	16.62	21.74	28.13	0.00	0.00
GCC	39	34.78	15.35	18.93	30.95	0.00	0.00
GCC	40	31.84	19.95	18.16	30.05	0.00	0.00
GCC	41	36.45	18.03	18.54	26.98	0.00	0.00
GCC	42	33.38	16.88	20.33	29.41	0.00	0.00
GCC	43	33.25	18.80	19.69	28.26	0.00	0.00
GCC	44	31.07	19.18	19.44	30.31	0.00	0.00
GCC	45	31.97	17.52	16.88	33.63	0.00	0.00
GCC	46	31.46	17.52	19.05	31.97	0.00	0.00
GCC	47	33.63	17.14	19.69	29.54	0.00	0.00
GCC	48	32.35	17.39	20.46	29.80	0.00	0.00
GCC	49	31.59	15.73	18.93	33.76	0.00	0.00
GCC	50	33.50	16.50	21.74	28.26	0.00	0.00
GCC	51	33.12	18.54	17.26	31.07	0.00	0.00
GCC	52	33.63	17.90	18.41	30.05	0.00	0.00
GCC	53	31.33	16.88	19.05	32.74	0.00	0.00
GCC	54	34.91	15.86	19.18	30.05	0.00	0.00
GCC	55	32.86	16.24	18.54	32.35	0.00	0.00
GCC	56	29.92	18.03	19.57	32.48	0.00	0.00
GCC	57	32.48	17.90	17.77	31.84	0.00	0.00
GCC	58	35.42	17.52	18.54	28.52	0.00	0.00
GCC	59	32.48	16.88	18.16	32.48	0.00	0.00
GCC	60	32.74	17.52	18.67	31.07	0.00	0.00
GCC	61	35.04	18.03	18.67	28.26	0.00	0.00
GCC	62	32.74	18.29	19.57	29.41	0.00	0.00
GCC	63	32.61	16.50	19.69	31.20	0.00	0.00
GCC	64	35.17	14.83	19.95	30.05	0.00	0.00
GCC	65	35.93	16.37	14.45	33.25	0.00	0.00
GCC	66	33.89	16.24	18.54	31.33	0.00	0.00
GCC	67	33.63	17.01	20.46	28.90	0.00	0.00
GCC	68	33.25	18.93	18.67	29.16	0.00	0.00
GCC	69	35.93	16.88	15.60	31.59	0.00	0.00
GCC	70	35.17	15.47	18.16	31.20	0.00	0.00
GCC	71	34.27	15.09	18.54	32.10	0.00	0.00
GCC	72	33.50	16.88	18.54	31.07	0.00	0.00
GCC	73	33.50	18.67	17.52	30.31	0.00	0.00
GCC	74	33.76	17.26	22.12	26.85	0.00	0.00
GCC	75	33.38	18.41	17.65	30.56	0.00	0.00
GCC	76	33.38	16.37	19.31	30.95	0.00	0.00
GCC	77	33.63	16.62	17.52	32.23	0.00	0.00
GCC	78	31.46	17.26	19.31	31.97	0.00	0.00
GCC	79	33.12	18.29	18.03	30.56	0.00	0.00
GCC	80	33.89	16.24	19.31	30.56	0.00	0.00
GCC	81	31.84	18.16	18.54	31.46	0.00	0.00
GCC	82	30.95	16.88	20.33	31.84	0.00	0.00
GCC	83	31.97	17.52	18.80	31.71	0.00	0.00
GCC	84	34.91	15.73	18.54	30.82	0.00	0.00
GCC	85	31.71	16.50	17.26	34.53	0.00	0.00
GCC	86	32.48	15.60	20.84	31.07	0.00	0.00
GCC	87	32.48	17.14	18.16	32.23	0.00	0.00
GCC	88	33.12	17.65	17.26	31.97	0.00	0.00
GCC	89	32.23	14.96	19.82	32.99	0.00	0.00
GCC	90	33.67	16.39	19.85	30.09	0.00	0.00
GCC	91	31.50	20.23	18.57	29.71	0.00	0.00
GCC	92	30.35	19.85	18.44	31.37	0.00	0.00
GCC	93	35.21	15.88	17.80	31.11	0.00	0.00
GCC	94	31.15	16.67	20.13	32.05	0.00	0.00
GCC	95	30.64	15.90	21.67	31.79	0.00	0.00
GCC	96	32.73	16.69	18.87	31.71	0.00	0.00
GCC	97	31.72	17.36	18.80	32.11	0.00	0.00
GCC	98	29.73	17.20	21.87	31.20	0.00	0.00
GCC	99	33.53	14.06	16.98	35.43	0.00	0.00
GCC	100	38.10	10.12	12.70	39.09	0.00	0.00
# ACGT content per cycle, read oriented. Use `grep ^GCT | cut -f 2-` to extract this part. The columns are: cycle; A,C,G,T base counts as a percentage of all A/C/G/T bases [%]
GCT	1	31.97	19.18	17.01	31.84
GCT	2	29.80	18.41	18.93	32.86
GCT	3	33.76	17.39	18.29	30.56
GCT	4	31.33	17.90	18.41	32.35
GCT	5	33.63	16.50	19.44	30.43
GCT	6	32.86	18.29	18.41	30.43
GCT	7	31.71	20.33	16.24	31.71
GCT	8	30.56	17.52	18.03	33.89
GCT	9	29.80	20.59	19.95	29.67
GCT	10	32.48	20.33	16.24	30.95
GCT	11	37.85	19.31	14.45	28.39
GCT	12	31.20	20.72	15.73	32.35
GCT	13	33.76	18.03	17.01	31.20
GCT	14	29.41	19.82	19.95	30.82
GCT	15	32.23	17.14	18.16	32.48
GCT	16	30.56	18.54	16.62	34.27
GCT	17	29.54	17.77	19.44	33.25
GCT	18	30.82	19.95	18.67	30.56
GCT	19	33.38	21.10	17.26	28.26
GCT	20	31.84	16.37	18.54	33.25
GCT	21	33.50	16.88	18.03	31.59
GCT	22	30.05	18.67	18.29	32.99
GCT	23	34.78	15.98	17.77	31.46
GCT	24	34.14	19.05	16.62	30.18
GCT	25	30.31	18.41	19.95	31.33
GCT	26	33.25	18.29	18.16	30.31
GCT	27	33.25	17.14	18.03	31.59
GCT	28	31.20	16.11	20.20	32.48
GCT	29	33.63	16.50	18.93	30.95
GCT	30	30.43	17.39	18.93	33.25
GCT	31	29.16	17.52	20.33	32.99
GCT	32	31.84	18.16	19.18	30.82
GCT	33	34.40	17.77	17.26	30.56
GCT	34	31.84	18.41	19.95	29.80
GCT	35	35.55	15.73	18.16	30.56
GCT	36	33.89	16.75	17.14	32.23
GCT	37	30.05	18.80	17.26	33.89
GCT	38	31.20	18.80	19.57	30.43
GCT	39	34.78	17.52	16.75	30.95
GCT	40	33.38	18.54	19.57	28.52
GCT	41	33.63	17.39	19.18	29.80
GCT	42	32.35	17.52	19.69	30.43
GCT	43	30.05	19.82	18.67	31.46
GCT	44	31.07	18.54	20.08	30.31
GCT	45	35.04	17.14	17.26	30.56
GCT	46	31.07	17.52	19.05	32.35
GCT	47	32.35	19.31	17.52	30.82
GCT	48	31.33	20.33	17.52	30.82
GCT	49	31.97	18.80	15.86	33.38
GCT	50	30.56	18.29	19.95	31.20
GCT	51	33.63	17.65	18.16	30.56
GCT	52	33.25	19.44	16.88	30.43
GCT	53	31.07	17.52	18.41	32.99
GCT	54	33.63	18.29	16.75	31.33
GCT	55	34.91	17.14	17.65	30.31
GCT	56	30.69	17.39	20.20	31.71
GCT	57	31.84	16.62	19.05	32.48
GCT	58	32.99	16.75	19.31	30.95
GCT	59	30.95	16.50	18.54	34.02
GCT	60	32.48	19.44	16.75	31.33
GCT	61	34.40	20.33	16.37	28.90
GCT	62	30.82	19.05	18.80	31.33
GCT	63	33.25	18.80	17.39	30.56
GCT	64	31.84	16.75	18.03	33.38
GCT	65	32.99	15.35	15.47	36.19
GCT	66	33.76	18.29	16.50	31.46
GCT	67	30.56	18.67	18.80	31.97
GCT	68	31.46	20.08	17.52	30.95
GCT	69	33.89	16.24	16.24	33.63
GCT	70	33.38	16.88	16.75	32.99
GCT	71	33.63	17.14	16.50	32.74
GCT	72	29.67	17.77	17.65	34.91
GCT	73	32.23	18.80	17.39	31.59
GCT	74	32.48	19.18	20.20	28.13
GCT	75	31.46	17.14	18.93	32.48
GCT	76	31.97	17.39	18.29	32.35
GCT	77	32.74	17.90	16.24	33.12
GCT	78	31.46	16.37	20.20	31.97
GCT	79	31.71	19.05	17.26	31.97
GCT	80	32.48	17.52	18.03	31.97
GCT	81	31.07	16.75	19.95	32.23
GCT	82	32.86	18.41	18.80	29.92
GCT	83	30.69	19.69	16.62	32.99
GCT	84	32.23	16.75	17.52	33.50
GCT	85	31.97	14.83	18.93	34.27
GCT	86	30.82	16.62	19.82	32.74
GCT	87	29.80	18.93	16.37	34.91
GCT	88	34.02	18.93	15.98	31.07
GCT	89	31.33	20.84	13.94	33.89
GCT	90	34.57	16.52	19.72	29.19
GCT	91	30.99	19.97	18.82	30.22
GCT	92	30.22	21.51	16.77	31.50
GCT	93	32.65	17.93	15.75	33.67
GCT	94	30.38	17.82	18.97	32.82
GCT	95	31.54	16.15	21.41	30.90
GCT	96	31.84	18.87	16.69	32.61
GCT	97	31.46	19.06	17.10	32.38
GCT	98	31.60	19.20	19.87	29.33
GCT	99	37.04	12.59	18.45	31.92
GCT	100	39.68	0.00	22.82	37.50
# ACGT content per cycle for first fragments. Use `grep ^FBC | cut -f 2-` to extract this part. The columns are: cycle; A,C,G,T base counts as a percentage of all A/C/G/T bases [%]; and N and O counts as a percentage of all A/C/G/T bases [%]
FBC	1	31.97	15.09	18.41	34.53	0.00	0.00
FBC	2	28.13	15.60	24.30	31.97	0.00	0.00
FBC	3	32.48	15.35	17.65	34.53	0.00	0.00
FBC	4	32.23	15.09	20.72	31.97	0.00	0.00
FBC	5	33.25	16.37	16.88	33.50	0.00	0.00
FBC	6	29.92	17.39	21.48	31.20	0.00	0.00
FBC	7	29.92	19.44	20.20	30.43	0.00	0.00
FBC	8	34.02	12.53	21.74	31.71	0.00	0.00
FBC	9	29.92	18.67	20.72	30.69	0.00	0.00
FBC	10	35.04	17.90	18.41	28.64	0.00	0.00
FBC	11	33.50	18.16	17.90	30.43	0.00	0.00
FBC	12	34.27	18.41	19.18	28.13	0.00	0.00
FBC	13	36.06	18.93	16.62	28.39	0.00	0.00
FBC	14	30.43	18.93	19.44	31.20	0.00	0.00
FBC	15	33.76	15.86	18.41	31.97	0.00	0.00
FBC	16	30.69	15.86	18.16	35.29	0.00	0.00
FBC	17	28.90	16.37	20.72	34.02	0.00	0.00
FBC	18	29.92	19.44	17.65	32.99	0.00	0.00
FBC	19	33.50	20.20	17.90	28.39	0.00	0.00
FBC	20	31.97	16.62	19.69	31.71	0.00	0.00
FBC	21	30.43	16.37	20.20	32.99	0.00	0.00
FBC	22	31.20	16.11	21.99	30.69	0.00	0.00
FBC	23	32.48	13.55	18.93	35.04	0.00	0.00
FBC	24	34.27	14.58	18.16	32.99	0.00	0.00
FBC	25	31.46	18.93	19.18	30.43	0.00	0.00
FBC	26	36.32	16.37	18.93	28.39	0.00	0.00
FBC	27	31.97	16.62	18.16	33.25	0.00	0.00
FBC	28	32.23	18.41	19.95	29.41	0.00	0.00
FBC	29	34.02	19.44	16.88	29.67	0.00	0.00
FBC	30	33.76	16.62	18.67	30.95	0.00	0.00
FBC	31	31.20	19.44	18.93	30.43	0.00	0.00
FBC	32	31.20	18.41	20.46	29.92	0.00	0.00
FBC	33	34.27	17.90	16.37	31.46	0.00	0.00
FBC	34	28.64	18.67	21.23	31.46	0.00	0.00
FBC	35	35.81	14.83	18.16	31.20	0.00	0.00
FBC	36	35.55	16.88	17.65	29.92	0.00	0.00
FBC	37	31.97	17.39	17.65	32.99	0.00	0.00
FBC	38	32.23	16.37	23.27	28.13	0.00	0.00
FBC	39	33.25	14.07	18.41	34.27	0.00	0.00
FBC	40	29.92	22.76	18.93	28.39	0.00	0.00
FBC	41	34.78	19.44	17.90	27.88	0.00	0.00
FBC	42	33.76	14.83	22.51	28.90	0.00	0.00
FBC	43	31.20	17.14	22.51	29.16	0.00	0.00
FBC	44	32.99	19.44	18.67	28.90	0.00	0.00
FBC	45	32.48	19.44	15.09	32.99	0.00	0.00
FBC	46	35.04	15.09	19.18	30.69	0.00	0.00
FBC	47	31.97	16.62	20.72	30.69	0.00	0.00
FBC	48	34.27	18.67	17.90	29.16	0.00	0.00
FBC	49	31.71	15.60	19.44	33.25	0.00	0.00
FBC	50	30.95	16.62	23.02	29.41	0.00	0.00
FBC	51	32.48	16.11	17.14	34.27	0.00	0.00
FBC	52	36.57	16.11	19.18	28.13	0.00	0.00
FBC	53	31.71	17.14	18.16	32.99	0.00	0.00
FBC	54	39.64	13.55	18.41	28.39	0.00	0.00
FBC	55	32.48	14.58	20.46	32.48	0.00	0.00
FBC	56	29.16	16.37	22.25	32.23	0.00	0.00
FBC	57	32.48	16.37	19.18	31.97	0.00	0.00
FBC	58	34.53	17.90	19.95	27.62	0.00	0.00
FBC	59	31.97	17.14	20.20	30.69	0.00	0.00
FBC	60	34.78	17.65	16.37	31.20	0.00	0.00
FBC	61	32.48	18.41	18.67	30.43	0.00	0.00
FBC	62	29.67	19.69	21.48	29.16	0.00	0.00
FBC	63	30.95	17.14	20.97	30.95	0.00	0.00
FBC	64	36.32	13.55	19.44	30.69	0.00	0.00
FBC	65	36.06	15.09	15.35	33.50	0.00	0.00
FBC	66	31.20	16.37	19.69	32.74	0.00	0.00
FBC	67	37.08	16.62	21.23	25.06	0.00	0.00
FBC	68	33.50	19.69	17.14	29.67	0.00	0.00
FBC	69	37.85	14.32	16.11	31.71	0.00	0.00
FBC	70	35.29	15.86	18.16	30.69	0.00	0.00
FBC	71	35.04	16.62	18.67	29.67	0.00	0.00
FBC	72	34.53	17.90	18.67	28.90	0.00	0.00
FBC	73	31.71	20.20	17.65	30.43	0.00	0.00
FBC	74	35.55	18.16	20.97	25.32	0.00	0.00
FBC	75	34.27	18.41	17.65	29.67	0.00	0.00
FBC	76	33.76	15.09	18.93	32.23	0.00	0.00
FBC	77	36.06	13.81	18.16	31.97	0.00	0.00
FBC	78	30.95	14.58	16.62	37.85	0.00	0.00
FBC	79	34.02	15.60	19.69	30.69	0.00	0.00
FBC	80	31.46	16.37	19.18	32.99	0.00	0.00
FBC	81	32.23	17.90	18.41	31.46	0.00	0.00
FBC	82	29.92	17.90	21.23	30.95	0.00	0.00
FBC	83	35.04	15.35	18.93	30.69	0.00	0.00
FBC	84	33.76	15.86	17.65	32.74	0.00	0.00
FBC	85	30.69	15.35	19.18	34.78	0.00	0.00
FBC	86	32.23	15.60	19.95	32.23	0.00	0.00
FBC	87	32.23	18.16	18.93	30.69	0.00	0.00
FBC	88	35.55	17.90	16.62	29.92	0.00	0.00
FBC	89	30.69	16.88	19.95	32.48	0.00	0.00
FBC	90	31.97	14.32	21.48	32.23	0.00	0.00
FBC	91	29.92	19.95	20.46	29.67	0.00	0.00
FBC	92	28.64	21.23	17.39	32.74	0.00	0.00
FBC	93	36.06	12.02	19.69	32.23	0.00	0.00
FBC	94	27.11	14.83	21.74	36.32	0.00	0.00
FBC	95	29.67	16.11	21.99	32.23	0.00	0.00
FBC	96	34.36	17.18	18.46	30.00	0.00	0.00
FBC	97	32.90	16.45	16.97	33.68	0.00	0.00
FBC	98	32.63	16.98	22.02	28.38	0.00	0.00
FBC	99	35.16	12.10	14.99	37.75	0.00	0.00
FBC	100	37.74	12.45	12.84	36.96	0.00	0.00
# ACGT raw counters for first fragments. Use `grep ^FTC | cut -f 2-` to extract this part. The columns are: A,C,G,T,N base counters
FTC	12764	6542	7439	12154	0
# ACGT content per cycle for last fragments. Use `grep ^LBC | cut -f 2-` to extract this part. The columns are: cycle; A,C,G,T base counts as a percentage of all A/C/G/T bases [%]; and N and O counts as a percentage of all A/C/G/T bases [%]
LBC	1	32.48	22.51	16.37	28.64	0.00	0.00
LBC	2	38.11	16.88	17.90	27.11	0.00	0.00
LBC	3	29.67	15.86	22.51	31.97	0.00	0.00
LBC	4	34.53	17.39	19.44	28.64	0.00	0.00
LBC	5	29.92	17.39	21.23	31.46	0.00	0.00
LBC	6	34.27	15.86	18.67	31.20	0.00	0.00
LBC	7	36.06	15.86	17.65	30.43	0.00	0.00
LBC	8	31.97	19.44	17.39	31.20	0.00	0.00
LBC	9	29.41	19.95	21.74	28.90	0.00	0.00
LBC	10	31.97	18.41	18.41	31.20	0.00	0.00
LBC	11	34.53	13.04	18.41	34.02	0.00	0.00
LBC	12	33.25	17.14	18.16	31.46	0.00	0.00
LBC	13	35.04	16.37	18.16	30.43	0.00	0.00
LBC	14	31.46	21.48	19.69	27.37	0.00	0.00
LBC	15	34.02	15.35	20.97	29.67	0.00	0.00
LBC	16	29.67	17.65	18.67	34.02	0.00	0.00
LBC	17	31.97	18.16	19.18	30.69	0.00	0.00
LBC	18	30.95	15.86	24.30	28.90	0.00	0.00
LBC	19	30.18	16.11	22.51	31.20	0.00	0.00
LBC	20	34.78	16.88	16.62	31.71	0.00	0.00
LBC	21	35.55	16.11	17.14	31.20	0.00	0.00
LBC	22	32.74	17.65	18.16	31.46	0.00	0.00
LBC	23	33.50	17.65	17.39	31.46	0.00	0.00
LBC	24	32.48	20.20	18.41	28.90	0.00	0.00
LBC	25	31.97	18.93	19.69	29.41	0.00	0.00
LBC	26	29.16	15.35	22.25	33.25	0.00	0.00
LBC	27	33.50	13.81	21.74	30.95	0.00	0.00
LBC	28	36.06	18.93	15.35	29.67	0.00	0.00
LBC	29	36.06	15.60	18.93	29.41	0.00	0.00
LBC	30	32.23	16.37	20.97	30.43	0.00	0.00
LBC	31	36.32	20.46	16.88	26.34	0.00	0.00
LBC	32	29.16	15.35	20.46	35.04	0.00	0.00
LBC	33	32.74	18.16	17.65	31.46	0.00	0.00
LBC	34	35.55	19.44	17.39	27.62	0.00	0.00
LBC	35	36.57	17.65	17.14	28.64	0.00	0.00
LBC	36	36.57	19.69	13.55	30.18	0.00	0.00
LBC	37	35.55	16.62	20.46	27.37	0.00	0.00
LBC	38	34.78	16.88	20.20	28.13	0.00	0.00
LBC	39	36.32	16.62	19.44	27.62	0.00	0.00
LBC	40	33.76	17.14	17.39	31.71	0.00	0.00
LBC	41	38.11	16.62	19.18	26.09	0.00	0.00
LBC	42	32.99	18.93	18.16	29.92	0.00	0.00
LBC	43	35.29	20.46	16.88	27.37	0.00	0.00
LBC	44	29.16	18.93	20.20	31.71	0.00	0.00
LBC	45	31.46	15.60	18.67	34.27	0.00	0.00
LBC	46	27.88	19.95	18.93	33.25	0.00	0.00
LBC	47	35.29	17.65	18.67	28.39	0.00	0.00
LBC	48	30.43	16.11	23.02	30.43	0.00	0.00
LBC	49	31.46	15.86	18.41	34.27	0.00	0.00
LBC	50	36.06	16.37	20.46	27.11	0.00	0.00
LBC	51	33.76	20.97	17.39	27.88	0.00	0.00
LBC	52	30.69	19.69	17.65	31.97	0.00	0.00
LBC	53	30.95	16.62	19.95	32.48	0.00	0.00
LBC	54	30.18	18.16	19.95	31.71	0.00	0.00
LBC	55	33.25	17.90	16.62	32.23	0.00	0.00
LBC	56	30.69	19.69	16.88	32.74	0.00	0.00
LBC	57	32.48	19.44	16.37	31.71	0.00	0.00
LBC	58	36.32	17.14	17.14	29.41	0.00	0.00
LBC	59	32.99	16.62	16.11	34.27	0.00	0.00
LBC	60	30.69	17.39	20.97	30.95	0.00	0.00
LBC	61	37.60	17.65	18.67	26.09	0.00	0.00
LBC	62	35.81	16.88	17.65	29.67	0.00	0.00
LBC	63	34.27	15.86	18.41	31.46	0.00	0.00
LBC	64	34.02	16.11	20.46	29.41	0.00	0.00
LBC	65	35.81	17.65	13.55	32.99	0.00	0.00
LBC	66	36.57	16.11	17.39	29.92	0.00	0.00
LBC	67	30.18	17.39	19.69	32.74	0.00	0.00
LBC	68	32.99	18.16	20.20	28.64	0.00	0.00
LBC	69	34.02	19.44	15.09	31.46	0.00	0.00
LBC	70	35.04	15.09	18.16	31.71	0.00	0.00
LBC	71	33.50	13.55	18.41	34.53	0.00	0.00
LBC	72	32.48	15.86	18.41	33.25	0.00	0.00
LBC	73	35.29	17.14	17.39	30.18	0.00	0.00
LBC	74	31.97	16.37	23.27	28.39	0.00	0.00
LBC	75	32.48	18.41	17.65	31.46	0.00	0.00
LBC	76	32.99	17.65	19.69	29.67	0.00	0.00
LBC	77	31.20	19.44	16.88	32.48	0.00	0.00
LBC	78	31.97	19.95	21.99	26.09	0.00	0.00
LBC	79	32.23	20.97	16.37	30.43	0.00	0.00
LBC	80	36.32	16.11	19.44	28.13	0.00	0.00
LBC	81	31.46	18.41	18.67	31.46	0.00	0.00
LBC	82	31.97	15.86	19.44	32.74	0.00	0.00
LBC	83	28.90	19.69	18.67	32.74	0.00	0.00
LBC	84	36.06	15.60	19.44	28.90	0.00	0.00
LBC	85	32.74	17.65	15.35	34.27	0.00	0.00
LBC	86	32.74	15.60	21.74	29.92	0.00	0.00
LBC	87	32.74	16.11	17.39	33.76	0.00	0.00
LBC	88	30.69	17.39	17.90	34.02	0.00	0.00
LBC	89	33.76	13.04	19.69	33.50	0.00	0.00
LBC	90	35.38	18.46	18.21	27.95	0.00	0.00
LBC	91	33.08	20.51	16.67	29.74	0.00	0.00
LBC	92	32.05	18.46	19.49	30.00	0.00	0.00
LBC	93	34.36	19.74	15.90	30.00	0.00	0.00
LBC	94	35.22	18.51	18.51	27.76	0.00	0.00
LBC	95	31.62	15.68	21.34	31.36	0.00	0.00
LBC	96	31.11	16.20	19.28	33.42	0.00	0.00
LBC	97	30.55	18.28	20.63	30.55	0.00	0.00
LBC	98	26.81	17.43	21.72	34.05	0.00	0.00
LBC	99	31.85	16.07	19.05	33.04	0.00	0.00
LBC	100	38.46	7.69	12.55	41.30	0.00	0.00
# ACGT raw counters for last fragments. Use `grep ^LTC | cut -f 2-` to extract this part. The columns are: A,C,G,T,N base counters
LTC	12871	6771	7278	11945	0
# Insert sizes. Use `grep ^IS | cut -f 2-` to extract this part. The columns are: insert size, pairs total, inward oriented pairs, outward oriented pairs, other pairs
IS	0	0	0	0	0
IS	1	0	0	0	0
IS	2	0	0	0	0
IS	3	0	0	0	0
IS	4	0	0	0	0
IS	5	0	0	0	0
IS	6	0	0	0	0
IS	7	0	0	0	0
IS	8	0	0	0	0
IS	9	0	0	0	0
IS	10	0	0	0	0
IS	11	0	0	0	0
IS	12	0	0	0	0
IS	13	0	0	0	0
IS	14	0	0	0	0
IS	15	0	0	0	0
IS	16	0	0	0	0
IS	17	0	0	0	0
IS	18	0	0	0	0
IS	19	0	0	0	0
IS	20	0	0	0	0
IS	21	0	0	0	0
IS	22	0	0	0	0
IS	23	0	0	0	0
IS	24	0	0	0	0
IS	25	0	0	0	0
IS	26	0	0	0	0
IS	27	0	0	0	0
IS	28	0	0	0	0
IS	29	0	0	0	0
IS	30	0	0	0	0
IS	31	0	0	0	0
IS	32	0	0	0	0
IS	33	0	0	0	0
IS	34	0	0	0	0
IS	35	0	0	0	0
IS	36	0	0	0	0
IS	37	0	0	0	0
IS	38	0	0	0	0
IS	39	0	0	0	0
IS	40	0	0	0	0
IS	41	0	0	0	0
IS	42	0	0	0	0
IS	43	0	0	0	0
IS	44	0	0	0	0
IS	45	0	0	0	0
IS	46	0	0	0	0
IS	47	0	0	0	0
IS	48	0	0	0	0
IS	49	0	0	0	0
IS	50	0	0	0	0
IS	51	0	0	0	0
IS	52	0	0	0	0
IS	53	0	0	0	0
IS	54	0	0	0	0
IS	55	0	0	0	0
IS	56	0	0	0	0
IS	57	0	0	0	0
IS	58	0	0	0	0
IS	59	0	0	0	0
IS	60	0	0	0	0
IS	61	0	0	0	0
IS	62	0	0	0	0
IS	63	0	0	0	0
IS	64	0	0	0	0
IS	65	0	0	0	0
IS	66	0	0	0	0
IS	67	0	0	0	0
IS	68	0	0	0	0
IS	69	0	0	0	0
IS	70	0	0	0	0
IS	71	0	0	0	0
IS	72	0	0	0	0
IS	73	0	0	0	0
IS	74	0	0	0	0
IS	75	0	0	0	0
IS	76	0	0	0	0
IS	77	0	0	0	0
IS	78	0	0	0	0
IS	79	0	0	0	0
IS	80	0	0	0	0
IS	81	0	0	0	0
IS	82	0	0	0	0
IS	83	0	0	0	0
IS	84	0	0	0	0
IS	85	0	0	0	0
IS	86	0	0	0	0
IS	87	0	0	0	0
IS	88	0	0	0	0
IS	89	0	0	0	0
IS	90	0	0	0	0
IS	91	0	0	0	0
IS	92	0	0	0	0
IS	93	0	0	0	0
IS	94	0	0	0	0
IS	95	0	0	0	0
IS	96	0	0	0	0
IS	97	0	0	0	0
IS	98	0	0	0	0
IS	99	0	0	0	0
IS	100	0	0	0	0
IS	101	0	0	0	0
IS	102	0	0	0	0
IS	103	0	0	0	0
IS	104	0	0	0	0
IS	105	0	0	0	0
IS	106	0	0	0	0
IS	107	0	0	0	0
IS	108	0	0	0	0
IS	109	0	0	0	0
IS	110	0	0	0	0
IS	111	0	0	0	0
IS	112	0	0	0	0
IS	113	0	0	0	0
IS	114	0	0	0	0
IS	115	0	0	0	0
IS	116	0	0	0	0
IS	117	0	0	0	0
IS	118	0	0	0	0
IS	119	0	0	0	0
IS	120	0	0	0	0
IS	121	0	0	0	0
IS	122	0	0	0	0
IS	123	0	0	0	0
IS	124	0	0	0	0
IS	125	0	0	0	0
IS	126	0	0	0	0
IS	127	0	0	0	0
IS	128	0	0	0	0
IS	129	0	0	0	0
IS	130	0	0	0	0
IS	131	0	0	0	0
IS	132	0	0	0	0
IS	133	0	0	0	0
IS	134	0	0	0	0
IS	135	0	0	0	0
IS	136	0	0	0	0
IS	137	0	0	0	0
IS	138	0	0	0	0
IS	139	0	0	0	0
IS	140	0	0	0	0
IS	141	0	0	0	0
IS	142	0	0	0	0
IS	143	0	0	0	0
IS	144	0	0	0	0
IS	145	0	0	0	0
IS	146	0	0	0	0
IS	147	0	0	0	0
IS	148	0	0	0	0
IS	149	0	0	0	0
IS	150	0	0	0	0
IS	151	0	0	0	0
IS	152	0	0	0	0
IS	153	0	0	0	0
IS	154	0	0	0	0
IS	155	0	0	0	0
IS	156	0	0	0	0
IS	157	0	0	0	0
IS	158	0	0	0	0
IS	159	0	0	0	0
IS	160	0	0	0	0
IS	161	0	0	0	0
IS	162	0	0	0	0
IS	163	0	0	0	0
IS	164	0	0	0	0
IS	165	0	0	0	0
IS	166	0	0	0	0
IS	167	0	0	0	0
IS	168	0	0	0	0
IS	169	0	0	0	0
IS	170	0	0	0	0
IS	171	0	0	0	0
IS	172	0	0	0	0
IS	173	0	0	0	0
IS	174	0	0	0	0
IS	175	0	0	0	0
IS	176	0	0	0	0
IS	177	0	0	0	0
IS	178	0	0	0	0
IS	179	0	0	0	0
IS	180	0	0	0	0
IS	181	0	0	0	0
IS	182	0	0	0	0
IS	183	0	0	0	0
IS	184	0	0	0	0
IS	185	0	0	0	0
IS	186	0	0	0	0
IS	187	0	0	0	0
IS	188	0	0	0	0
IS	189	0	0	0	0
IS	190	0	0	0	0
IS	191	0	0	0	0
IS	192	0	0	0	0
IS	193	0	0	0	0
IS	194	0	0	0	0
IS	195	0	0	0	0
IS	196	0	0	0	0
IS	197	0	0	0	0
IS	198	0	0	0	0
IS	199	0	0	0	0
IS	200	0	0	0	0
IS	201	0	0	0	0
IS	202	0	0	0	0
IS	203	0	0	0	0
IS	204	0	0	0	0
IS	205	0	0	0	0
IS	206	0	0	0	0
IS	207	0	0	0	0
IS	208	0	0	0	0
IS	209	0	0	0	0
IS	210	0	0	0	0
IS	211	0	0	0	0
IS	212	0	0	0	0
IS	213	0	0	0	0
IS	214	0	0	0	0
IS	215	0	0	0	0
IS	216	0	0	0	0
IS	217	0	0	0	0
IS	218	0	0	0	0
IS	219	0	0	0	0
IS	220	0	0	0	0
IS	221	0	0	0	0
IS	222	0	0	0	0
IS	223	0	0	0	0
IS	224	0	0	0	0
IS	225	0	0	0	0
IS	226	0	0	0	0
IS	227	0	0	0	0
IS	228	0	0	0	0
IS	229	0	0	0	0
IS	230	0	0	0	0
IS	231	0	0	0	0
IS	232	0	0	0	0
IS	233	0	0	0	0
IS	234	0	0	0	0
IS	235	0	0	0	0
IS	236	0	0	0	0
IS	237	0	0	0	0
IS	238	0	0	0	0
IS	239	0	0	0	0
IS	240	0	0	0	0
IS	241	0	0	0	0
IS	242	0	0	0	0
IS	243	0	0	0	0
IS	244	0	0	0	0
IS	245	0	0	0	0
IS	246	0	0	0	0
IS	247	0	0	0	0
IS	248	0	0	0	0
IS	249	0	0	0	0
IS	250	0	0	0	0
IS	251	0	0	0	0
IS	252	0	0	0	0
IS	253	0	0	0	0
IS	254	0	0	0	0
IS	255	0	0	0	0
IS	256	0	0	0	0
IS	257	0	0	0	0
IS	258	0	0	0	0
IS	259	0	0	0	0
IS	260	0	0	0	0
IS	261	0	0	0	0
IS	262	0	0	0	0
IS	263	0	0	0	0
IS	264	0	0	0	0
IS	265	0	0	0	0
IS	266	0	0	0	0
IS	267	0	0	0	0
IS	268	0	0	0	0
IS	269	0	0	0	0
IS	270	0	0	0	0
IS	271	0	0	0	0
IS	272	0	0	0	0
IS	273	2	2	0	0
IS	274	2	2	0	0
IS	275	1	1	0	0
IS	276	2	2	0	0
IS	277	2	2	0	0
IS	278	1	1	0	0
IS	279	0	0	0	0
IS	280	2	2	0	0
IS	281	0	0	0	0
IS	282	0	0	0	0
IS	283	4	4	0	0
IS	284	3	3	0	0
IS	285	7	7	0	0
IS	286	6	6	0	0
IS	287	8	8	0	0
IS	288	2	2	0	0
IS	289	9	9	0	0
IS	290	9	9	0	0
IS	291	12	12	0	0
IS	292	9	9	0	0
IS	293	20	20	0	0
IS	294	12	12	0	0
IS	295	9	9	0	0
IS	296	18	18	0	0
IS	297	18	18	0	0
IS	298	18	18	0	0
IS	299	19	19	0	0
IS	300	19	19	0	0
IS	301	17	17	0	0
IS	302	10	10	0	0
IS	303	17	17	0	0
IS	304	8	8	0	0
IS	305	15	15	0	0
IS	306	14	14	0	0
IS	307	11	11	0	0
IS	308	8	8	0	0
IS	309	7	7	0	0
IS	310	8	8	0	0
IS	311	9	9	0	0
IS	312	7	7	0	0
IS	313	9	9	0	0
IS	314	6	6	0	0
IS	315	3	3	0	0
IS	316	5	5	0	0
IS	317	7	7	0	0
IS	318	2	2	0	0
IS	319	2	2	0	0
IS	320	3	3	0	0
IS	321	1	1	0	0
IS	322	3	3	0	0
IS	323	1	1	0	0
IS	324	0	0	0	0
IS	325	0	0	0	0
IS	326	1	1	0	0
# Read lengths. Use `grep ^RL | cut -f 2-` to extract this part. The columns are: read length, count
RL	89	1
RL	93	1
RL	95	1
RL	96	13
RL	97	16
RL	98	67
RL	99	179
RL	100	504
# Read lengths - first fragments. Use `grep ^FRL | cut -f 2-` to extract this part. The columns are: read length, count
FRL	95	1
FRL	96	7
FRL	97	6
FRL	98	30
FRL	99	90
FRL	100	257
# Read lengths - last fragments. Use `grep ^LRL | cut -f 2-` to extract this part. The columns are: read length, count
LRL	89	1
LRL	93	1
LRL	96	6
LRL	97	10
LRL	98	37
LRL	99	89
LRL	100	247
# Mapping qualities for reads !(UNMAP|SECOND|SUPPL|QCFAIL|DUP). Use `grep ^MAPQ | cut -f 2-` to extract this part. The columns are: mapq, count
MAPQ	60	782
# Indel distribution. Use `grep ^ID | cut -f 2-` to extract this part. The columns are: length, number of insertions, number of deletions
ID	1	0	1
# Indels per cycle. Use `grep ^IC | cut -f 2-` to extract this part. The columns are: cycle, number of insertions (fwd), .. (rev) , number of deletions (fwd), .. (rev)
IC	67	0	0	1	0
# Coverage distribution. Use `grep ^COV | cut -f 2-` to extract this part.
COV	[1-1]	1	39
COV	[2-2]	2	56
COV	[3-3]	3	87
COV	[4-4]	4	240
COV	[5-5]	5	423
COV	[6-6]	6	700
COV	[7-7]	7	757
COV	[8-8]	8	740
COV	[9-9]	9	808
COV	[10-10]	10	760
COV	[11-11]	11	661
COV	[12-12]	12	612
COV	[13-13]	13	472
COV	[14-14]	14	590
COV	[15-15]	15	426
COV	[16-16]	16	256
COV	[17-17]	17	136
COV	[18-18]	18	103
COV	[19-19]	19	17
# GC-depth. Use `grep ^GCD | cut -f 2-` to extract this part. The columns are: GC%, unique sequence percentiles, 10th, 25th, 50th, 75th and 90th depth percentile
GCD	0.0	100.000	0.000	0.000	0.000	0.000	0.000
